101010000100
100001010101
111100000101
01000000050,68,2,1,69,32,87,10,31,21,78,23,62,98,16,99,65,35,27,96,66,26,74,72,45,52,81,60,38,57,54,19,18,77,71,29,51,41,22,6,58,5,42,92,85,64,94,12,83,11,17,14,37,36,59,33,0,93,34,70,97,7,76,20,3,88,43,47,8,79,80,63,9,25,56,75,15,4,82,67,39,30,89,86,46,90,48,73,91,55,95,28,49,61,44,84,40,53,13,24

38 80 23 60 82
25 35 28 47 39
40  0 30 48 76
32 41 49 69  4
13 42 89 20 12

76 89 13  5 98
87 48  2 59 20
37 88 41 24 57
16 85 31 73 95
70 11 93 30 27

81 55 41 85 33
67 97 71 90 52
19  3 79 66 14
49 96 94 26 25
60 46 51 82  9

33 60 26 83 21
91  7 39 19 41
88  9 82 69 29
93 79 12 34 11
43 65 64 54 20

55 75 71 30 14
42 67  3 73 13
78 72 51 96 99
95 10 84  0 31
91 47 66 33 34

11 72 55 52 79
94 34 53 61 40
 8 31 49 68 71
37 45 15 78 57
21 88 65 24 56

65 59  4 41 69
44 61 23 46 42
10 68 37 54 25
82  2 13 71 93
87 90 89 57 74

75 70 40 68 30
 5 28 58 52 19
80 96 53 43 63
33 60 66 64 56
88 74  9  8 36

58 38 46 42 89
98 85 17 51  2
28 92 22 64 53
27 97 43 10 54
75 56 71 67 79

75 86 11  4 39
14 80 41 26  2
97 18 96  5 28
44 68 54 88 35
57 98 74 21 19

45 16  4 23 63
44 37 99 21 85
 2 82 58 10 84
 0 47 53 33 20
93 19 39 72  8

 5 25 24 32 44
59 37 95 88 89
68 69  8 96 99
16  0  7 92 94
65 15 55 66 31

65 14 92 66 69
43 45 30  8 26
87 47 18 82 76
33 80 67 35 22
38 62 84 96 52

39 45 15 57 53
35 47 70  4  0
50 17 65 78  3
 2  7 28 36 42
99 48 27 83 72

52 47 81 44 92
35 86 36 71 29
57 15  1 95  7
68 77  6  3 31
20 13 58 89 93

 2 56 27  4 64
69 91 88 58 15
10 92 61 63  6
84 93 79 25 90
16 31 55 46 53

23 42 93 12 30
47 99 38  0 14
 6 90 72 70 21
62 61 96 87 22
 5 55 51 28 17

42 12 58 95 92
67 89 88 87 47
32 72 11 83 97
55 16 66 57 29
54 64 96  2 36

72 47 69 68 12
23  4 37 79 13
52  5 59 58 70
44  3 21 93 76
97  0 35  9 71

87 49 55 18 94
68 32 99 50 37
15  3 80 90 42
83 12 41 21 58
91 89 74 45 51

 5 60 13 46 47
18 54 33 26  0
28 43 83 31 20
12 75 34 36  4
76  2 80 70 79

16 66 25 97 20
52 23 80 74 90
31 81 95 28 36
99  8 50 57 98
11  0 30 35 39

12 33 36 90 30
59 66 77 25 46
88 24  4 41 50
18 52 37 75 43
68 49 56 84 87

27 80 51 25 93
 4 41 61 30 67
68 47 15 20 50
78 66 97 54 84
35  1 23 89 14

82 51 38 80 75
35 79 43 54  3
73 13 23 25 59
27 64 47 62 66
83  0  7  4 20

67  2 72 23 81
46  1 26 85 25
31 65 52 16 14
15  4 91 59 19
83 60 10 89 90

62 63 13 96  6
24 91 27 29 81
38 47 50 26 36
79 73 22 45 58
15 54 76 46 70

42 69 91 34  9
96 28 61 41 56
15  5 59 47 50
79 27  4  0 21
51 44 26 95 32

 9 38  6 58 99
89 69 96 33 73
26 20 32 12 27
67 29 79 81 59
66 45 24 36 68

99 52  1 66 64
15 76 36 75 83
48  7 95 71  6
31 28 65 14 69
10 38 46 74 96

15 12 59 98 54
18 75 48 65 96
57 38  2 86  5
 0 87 93 23 94
50 29 13 91 14

55 83 80 45 52
44 31 64 25 71
15 85 50 91 54
 9 29 78 74 23
73 82 75 58 98

63 56 29 80 25
53 52 91 18 24
73 83  7 11 87
79 47 41 59 78
13 51  9 21 20

28 35 98 80 63
30 60 34 99 32
11 61 15 73 24
55 74 42 38 26
22 17 43 75 71

97 53 65 75 51
96 74 81 69 71
76  5 49 60 41
86 64 90 92 30
 6 95 85 93 40

65 90 20  4 82
41 17 48 27 77
84 60 94 15 10
55 64 49 35 16
36  8 23 58 59

74 19 70 35 82
77 21 84 50 25
18 61 12 28 54
 0  3 72 85 87
78  4 57 38 16

 1 63  0 38 23
31 76 73 22 35
 8 72 44 25 45
70 33 29 37 21
49 50 85 57 61

37 50 51 12 93
83 80 87  6 88
 4 95 62 20 41
78 56 76 49 11
72  7 52 14 28

72 34 61 19 68
 2 67 88  7 55
 8 11 20 85 47
42 54 46 48 64
38 84  3 76 13

32 34 55 90 64
16  1 94 48 91
96 45 27 58 63
98 20 43 73 10
87 52 49  8 24

 6  9 31 37 29
45 55 12 23 67
86  0 81 49  1
18 25  7 15 50
32 34 90 99 69

38 73 44 17 52
 7 81 85 62 98
68 66 86 21 76
24 94 50 46 67
36 54 55 96  8

90 39 51  5 99
33 20 14  1 81
94 74 38 95 35
37 96 62 57 84
65 11 55 46 69

26 29 75  3 55
33 83 68 94 47
37 41 85 50 57
76 39  5 81 20
18 24 92 71 87

89 92 39 70 59
40 35 23 62 47
 7 16 22 34 71
15 97 86 91  3
54 26 56 44 29

93 91 66  8 78
60 48 51  6 57
69 35 87 65 73
53 32 94 49 89
88 34 23 84 59

41 57  7 37  0
79  2 86 82  9
25 69 14 78 33
 4 28 85  8 61
97 72 88  1 54

24 84 65 28 60
99 86 53 93 22
17 67 10 29 54
27  0 96 20 36
25  3 62 89 33

10 28 78 82 96
21 11 51 27 97
41 63 72 58 89
 7  0 76 67 19
52 38 87 18 13

73 35 49 44 79
76 47 94 53 82
11 61 88 86 83
81 60 33 99 72
84 26 40  8 54

31 50 40  9 80
 6 59 51 55 12
 2 34 93 38 13
11 82 21 20 72
89 83 60 53 79

42 54 52 13 85
99 76 87 44 26
36 50  0 59 82
10 73 29 72 27
79 31 64 51 91

68 49 65 94  3
46  2  6 78 93
63 31 53 27 60
21 67 99 22 95
24  9 18 76 33

31 95 91 18 37
83  2 78 75  8
77 33  9 12 22
24 50 80 93 39
21 47 35 70 94

 2 44 55 60 89
45 18 46 72 11
47 83 56 52 65
 4 19 21 14 34
25 80 16 48 36

53 92 71 14 95
98 51 54 15 82
48 87 99 46 83
42 86 11 43 18
72 28 37 93 78

84 79 30 28 98
33 80 65 82 25
35 29 46 13 60
90 69 52 78 64
55 94  0 48 56

42 71 26 93 82
47 36 31 89 69
65  5 41  1 32
74 17 64 11 68
23 54 61 99 37

97  4 22  2 38
 8 17 79 99 20
44 80 28 57 32
18 86 94 77 70
11 93 75 49  3

80 48 85 89 23
30 50 94 46 18
59  9 81 42  8
40 15 90 26 31
 0 51 39 36 65

93 63 15 87 25
90 44 65 23 66
22 27 20 17 45
42 62 14  0 57
46  4 10 35 96

44 43 60 80 86
48 45 78 40 19
54 98 32 17 69
25 11 14 34 63
26 20 59  0 74

 0 59 87 45 30
33 36  1 38 43
67 37 74  2 70
85 22 44 56 23
68 24 75 92 10

90 83 87 85 67
95 24 94  6 40
77 15 52 68 66
22 20 38 29 79
 3 10 62 13 16

 9 49 87 13 18
85 39 77 82 86
96 44 12 72 78
59 81 21 94 88
17 93 23 56 45

57 53 80 98 22
23 45  5 26 77
 6 28  4 25 83
59 55 58 75 92
72 36 99 82 97

74 33 53 49 86
 9 50 66  7 78
29 36 71 26 87
54 82 84 47 46
39 30 56 22 27

 6 49 84 14 43
41 44 29 18 79
93 56 77 64 26
15 13 96  9 80
50 54 75 99 24

58 49 91 69 63
16 55 19 18 84
13 79 42 56  0
36 27 60 74 53
66 61 62 54 15

85 22 43 79 90
77 21 75 66 15
25 68 69 35 78
88  3 18 50  7
 8 27 52 76 72

12 56  0 45 33
13 81 25 24 41
80 65  9 32 95
18 44 36 68 99
78 29 17 38 43

57 41 77  5 10
98 30 70 23 46
 9 19 11 34 74
43 33 32 95 14
65  8 68 50 88

49 93 95  1 55
57 92 58  0 90
69 15 23 62 56
54 37  6 96 11
26 80 70 79 88

46 76 82 77 19
 4 50 83 88 69
67 44 59 25 21
40 12 90 33 24
63 78  9 71 86

74 82 88 25 15
61 83  7  6 98
41  9 84 13 72
78 26  8 60 20
 4 58 29 93 11

46 60 44 55 63
91 19 58 56 85
 2 32 67 26 41
43 61 25 73 21
86 14 71  9  6

38 72 58 17 77
25 79 78  5 67
81 70 50 85 73
 7 69 14 80  6
93 51 60 42 29

82 28 99 66 27
35 97 91 90 80
87  7 55 78 17
83 36 98 37 72
58 43 51 49 56

93 72 61 19 74
81 44 27 25 12
96 10 26 69 99
94 23 63 52  8
71 95 17 54 70

28 21 33  5 26
45 86 63 92 69
77 43 99 20 56
89 40 36 30 53
41 32 94 17 58

83 63 92 93 51
11 86 67  3 61
81 50 16 90 89
 0 75 31 22 77
82 74 37 57 39

49 87 33  0 13
54 38 71 85 32
79 84 89  4 61
34 14 69 47  3
35 12 59  1 55

95 37 72 73 85
 0 69 50 75 55
51 24 90 71 78
66 86 23 40  6
34 27 43 14 65

46 11 41 86 21
31 82 38 23 53
66 52 39  6  1
16 95 36  0 69
28 54 91 99 60

32 80  4  3 97
26 63 89 52 22
25 91 43 96 68
71 42 78 34 56
 0 82  5 69 19

69 60 58 19  1
91 59 54 52 11
43 46 27  2  7
89 57 42 88 31
93 94 37 96 29

72  8 29 64 75
16 45  0 39 46
77  6 88 40 27
92 78 21 63 51
24 12 90 94 47

 5 41 63 42 73
37 80 91 18 50
 3 24 53 17 49
 6 86 30 46 69
16 97 75 88 93

97 60 66 77 74
 1 72 41 69 94
30  8 98 33 43
99 63 95 91 11
56 65 70 12  0

47 39 37 79 48
60 31 19 10 53
14 36 25 38  2
76 89 32  1 20
65 72 91 71 66

87 72 13 30 75
50 80 97 17 63
99  9 53 69 86
20 57 92 66 21
31 42  4 98  0

38 89 15 91 95
94 20 13 64 25
37  9 98 10 44
28 97  5 78 32
99 41 82 22 87

97 16 42 87 15
19 70 82 66 30
79  5 67 75 91
27 26 56 63 17
51 99 13 59 35

85 33  3 34  5
72 74 88 81 10
 4 64 61 59  8
78 42 90 27 80
14 12 52 76  1

67 92 61 33 60
82 91 85 76 56
39 37  6 65 63
32 51 45 14 98
73 17  8 46 70

97 75 33  9 23
85 27 15  3 26
 4 34 36 10 77
68 82 37 32 86
58 88 95 87 99

70 19 67 42 31
81  6 10 95 18
85 50 90 25 56
16 94  7 78 24
59 88 93 77  4

92 25 16 75 67
97 71 53 32 90
 6 70 69 55 40
77 20 72 84 73
34 35 38 98 76

24 96 27 39  3
54 26 12 65 60
67 62 43 98 14
15 95  2 82 33
64 17 86  0 63010
001101100010
100110110101
110100101101
101010000001
110011110000
110000011011
010111010101
000101101001
110001101100
110100111101
000101101100
011111101000
001011101100
001011000110
000011110110
101110010111
010011101001
011111100101
000001110101
100001010010
001110010101
111010000110
100111001111
110010000101
001111100001
000110010101
111001111011
110000111111
011101110001
111001000011
100110101011
101101100010
110100100101
101011111000
001101110011
011000010011
101010011111
101011000110
011111101001
000011100000
101111000101
010000010111
010110111000
101110111100
000001010011
011011000001
110101101011
011110101100
010001011100
110111000011
010101101001
110011011111
111101111101
110011010111
100100100110
011100101111
100111010000
110000110111
111000010111
100001010001
101010001111
010101100111
001010101111
000001011011
111100011110
101110100010
011111011110
111110111011
001110110111
010011010000
111011011101
101110110100
111010011111
011011011101
110001110100
000010011010
011101010101
100000001000
000100100001
011110000000
111100101010
001100100010
101001101110
111010001110
101011111101
010011100101
110111110101
111000111010
010000000111
001101111111
101101001100
111001000100
001100000000
011011100100
010011110000
000001111110
110011001010
001001000110
011011001101
001111111111
001010101010
011110110100
110101111111
001111011101
001101001111
000000111100
001101101010
011000001001
100100101101
000000111011
011101110011
101011110010
010110000010
000101000000
010100111011
000111010011
111011111000
011110010000
000011101001
101001110000
011101111101
100010010100
011100001011
110011011000
100010001110
100101010111
100101101110
010010000011
101011000111
100100100111
001000001000
110010100011
111100001011
011010001000
000011010000
000111111011
110100101110
011110000011
100101000011
001100100001
000010100011
111101111011
001010101101
101110110010
101011011010
111010101011
001110010001
111110101011
111111001011
011100011101
111100111001
101011000000
100000010111
000101111101
001011001110
111101101010
110001000000
101111110100
010111010110
111011100001
111100010100
000100011100
000011011011
010000001001
100100011001
001010011110
110001110011
100010000110
001110001101
111001111111
100100000011
001001101011
100101010011
010111100010
001110101100
000110111111
010011101101
011101011011
101000111100
101100001011
000011100011
111110110011
100011001101
000100100011
110011111010
011001100111
000011100110
011001001110
000111011110
010101111101
101100101011
111110101111
101101011010
000101110111
101011010010
101100101010
111101100100
011100101000
100111100010
000110110011
000000100001
011110001110
000111110010
001100011001
000001111001
001111011111
110011001111
101010110101
011010110100
100010110011
111111111101
010001110011
001101110000
001110100011
110010101011
001010001000
101010010000
000101011111
111000111101
011101010110
100111010011
010010010000
111000101101
110000110010
010110010001
011101001110
001010011111
110011010001
100000100001
110110001100
111110101101
101110011011
100101011011
001010011010
111101000110
100010011000
001101101001
010001010100
011100110010
011010100110
101111011110
100011010111
000011111110
000110101011
000011111000
101110101100
101100011110
011010101011
010001110111
101010100001
011011011001
110011101011
110001011111
000010101100
100000011101
010000101000
001111101100
111100011100
101110101101
110111110100
010101000001
011110000001
111100010101
011110010001
001101001100
001011011100
010110101111
000100101011
001100001010
000101101111
010111110110
100010111011
000110001011
010111010011
101001000101
011000111101
001001101001
010100010000
111111001000
011110100011
011000101100
111101110100
101010010110
111101010111
011001100100
001110001110
111110110000
110100011111
000101101110
011000110011
111001111110
011110101110
010011001101
000011011111
111001010111
000000111101
100101100100
100001110101
111100100101
001110000110
011100001101
100100110011
001100000100
010011001110
111111110011
101110111111
100111011000
111110101110
100010101100
010101010000
011101100001
010010011101
001111010111
011100010101
111101110101
010100001110
011000111000
100110100101
110101001111
000011011010
110101011010
110010111100
110111000101
100111000100
110101011111
110110011101
010111101010
111001010011
001001100100
001101101101
011100001100
000110010011
010101010110
000011001101
101001001100
111011100011
011011110100
001110100001
001000101001
001100010111
110000001101
100010111101
000110111101
111001101101
101110100000
101001100101
101100011001
111010101101
010101011100
111100011000
101111110101
110111110011
000000101100
010110101011
100111011011
010111011000
000101110100
001010110101
000010111011
001110000001
010000010000
101110010101
000000111110
110100011000
110110111100
100010110100
001000101110
011001010101
000100010001
100011100010
100011100000
100010101001
100101111000
110000011110
011000011101
101101101101
100110010110
111110001000
111001011010
001110110001
100000010101
111101001111
000010010100
101100110001
100101011000
010101001010
000111100000
100010101000
011101110100
110110001110
010001000110
100101001100
110000010111
011000101111
001111001000
001110010010
000010101101
011000010000
011011101010
001010000101
001010110010
100001100000
110111010000
100010001101
010011001011
110011001110
110111000110
000001110010
110010001001
111100100100
000101110110
000100011001
111111010101
011010100000
110111000100
011101011010
100011111110
100001001101
100111000001
100001011111
010010000010
010111101011
000001111100
001100110111
100111011100
101000101100
100111111111
101101000110
101111001111
011010110101
111000110000
100010101101
011110100100
001101110101
011101011000
010101011000
010110110011
110101011110
111010101100
110111000000
101011110110
100111101010
110001111110
001000111001
110001111011
011010000100
000101001010
010111000001
100000101000
011010111001
010011101110
011011010101
010110101100
000010100110
011111101011
101111100110
110010001100
100000110100
100111100011
110111101010
110010010000
000011010010
111000000111
100101100101
100011101110
111110110110
111001011000
010100111101
111110001100
000110011101
000010110010
101000111011
101000010100
001001110001
111010101111
100011000101
111011001100
000000011100
101010111001
110111101000
011000110001
100100110010
011101011101
001011111111
101011100110
101011010111
100001011010
100100010100
000010000010
101101010111
001011001101
101100111010
110101000001
101101110100
100100110111
110001101001
010101010001
110110001111
000011011101
111111110001
011110110101
111100110101
011111011011
101001111110
110101101010
111001000001
010100110001
111011100101
101011101101
010010010001
111110001001
100100111000
111110111100
001000000000
111110111101
110010101101
100110111110
001010100010
101011001001
111101010100
110011100000
100111000111
000011000110
101010100000
101011011000
000010110110
111100000011
000000010010
101010110111
001111111000
100011110101
001001000010
111011101110
001111011100
111011101010
011011000101
000001000010
001000100100
001110110011
010101011011
100011011010
111000001110
110010000000
100101100010
100111110011
010011100001
010001111010
110101010101
101111000001
001001011100
011110000110
111001011110
111001111010
110100010011
001000010010
111110000010
001000011001
010100011101
101111101011
010111001111
111011011010
111101111010
001111001111
111110100000
100000011000
110100111100
001011101000
010011011001
010000010011
100010011010
110001111111
011010111011
101001111100
111110111000
110000001100
010000100101
110101100111
110011100010
110001001101
011101111011
011010101101
011000011111
101011101001
010100000010
110100100010
101010101101
010000111101
110100110110
101100001100
001011100011
011110011001
000000001010
000010111001
001000001010
100101001010
010000000011
101011101100
011101010111
100100101001
110100100100
110101001101
010100010111
011001001100
101100111001
100001001011
101100011111
001111101101
010011110101
011100010011
000010011101
011110001101
010001010011
001001111001
100111110100
111011000111
101010110000
010010111011
100010110111
110011111110
101111000111
111011000000
110001110001
001100100011
001011100111
101001110010
111001001101
000010000011
001011010010
110111101110
001000010110
000111000111
010001101010
011001110101
011000110000
000111100100
101010111101
010010010010
101111001001
001100100111
100111111000
100000010011
101101111001
000110011110
100001111101
110000100001
101110110110
111010000010
101010001010
000001010000
101011110100
001101010110
100011010011
101011101110
011101101101
100101010110
101011100111
100010010000
000101011101
011000001000
111011111110
101001101111
101000111001
100010100111
011111000101
100010001111
110011011101
111101100111
111101100000
010111000100
111010010010
001011100100
001000110100
100110010111
111010011100
100101001101
101001110110
011001110010
000111010110
010000011101
101100100001
101001001000
000111100011
100110110000
110011001001
001011001001
110101011100
010001100101
000000101010
001001100001
101001100011
110001110101
111001010010
111011011000
101101011000
101001000010
010110101110
001000101101
111001100111
011110110000
100100101100
010100011111
111000000000
001000010111
000000111010
111011111001
000110100011
011110100110
011011101100
000000001101
100101111011
101110111001
100111001110
101110000101
001110001111
001000110010
111101000011
000100011011
010111010101
001100100000
100101101011
010111000011
010101111010
011000000111
011011000110
101001011100
101101100000
101110101001
111000111110
110010000010
110111111001
100100111011
111011010011
100001101000
111110001110
110100011010
010101000111
000110100111
001111000101
000111000011
110001001001
011000100010
101001111011
110001000101
110111010011
011100011011
011011001011
100101011111
000000101000
100001100110
000100110101
110100100000
000101000001
101111001100
111101011100
010001110110
000001001100
100100001110
000100100111
001101000001
100011100110
110110110010
110001011001
110001001000
001011100010
111011001011
100101111110
001001111011
110101111010
101100111100
101111101000
111110100101
011110111101
010110111101
111010100010
111100001100
000001000111
111011000100
101000111000
011101100100
011000100000
110001111101
111010100011
110010001010
000101001111
010110001001
101101101010
101100110010
010010000111
111110100010
011011000011
111111011011
001011001000
010001011101
101101110010
010001001101
101000110101
100100010011
101010010001
101010110011
101110011110
001010000110
000011000000
101111011000
100001010110
010111101101
001110011011
100100011110
100001011001
010100111111
011101000110
111010111011
000010100100
010011100111
110001000011
000100111010
100111001000
010110011000
101101110101
110101001011
000101101010
011110101111
110111100111
111100111011
001000101011
000010000101
110101101101
010000100111
100110001011
011001000110
111101001000
000010011000
110101100001
100100101111
110111001010
111011111011
010111001000
011011110011
111011110010
100011000111
011001100011
001111000000
101001101010
111111011101
000100110001
111010010000
011111100000
101110100101
100011011110
001000010001
110110100000
100011111011
100011000001
000011010100
110101110110
001100010010
111011011001
010101101111
110111100100
101000110100
110001010100
100010010111
000111110111
101101101100
110100110001
011011100000
010011000000
110101101000
100011110001
001011111101
011000110110
011101101010
000011111100
010110110111
111101111001
110111011101
010001011000
100110000101
011101100101
111101011000
011110001000
001011001100
110110011111
010111011100
001111001110
110010110110
111011110110
100000101100
111100101011
000100011110
010111110000
110011010101
110000111110
011100100011
000101011000
101110011100
010111111000
110010111101
000001011010
100010101011
110001011100
100100001100
010101101010
001101011110
011011101111
011100110011
100011110000
011110011111
001011011101
011010110010
101000110111
001001100111
010111101111
110110010001
110001100000
011001100101
000110110111
010010001100
101100001010
101010011110
001010010110
101001001001
100110000010
011101101111
011010011001
010111000010
101001111111
000010001001
101000100011
001110100100
011011010000
100111110101
100110100000
000101011001
001100010110
110011110010
011000100001
001100010101
110010001101
100011101001
001100011110
110101111101
111111101000
000011110001
010000010100
001101011001
100111000000
011100000101
110110000000
110011011001
001100010011
110011110110
010010011111
100001101001
011100111100
001011110001
001010010011
010000000101
000100010011
111101011001
111100110110
111000011100
111101101110
000101111011
010101110101
011110111111
100000000011
111000000011
000010100000
001110100010
011001000010
100001011110
010100100111
000111110011
110100110101
011001111100
111101110110
001101010101
110110000010
010101001101
110100110000
000100010101
111011101001
110111111111
000000110010
100111110110
001000011111
100100000101
011001110110
010010100110
000101010111
101001100000
110011101110
010001100001
011100000100
010100100000
100000100100